v 126 569
v 83 501
v 67 422
v 67 327
v 75 217
v 70 150
v 92 114
v 159 58
v 226 46
v 358 36
v 449 39
v 628 57
v 662 71
v 695 141
v 706 325
v 711 440
v 708 488
v 706 547
v 693 582
v 670 575
v 644 546
v 592 548
v 538 570
v 510 582
v 478 568
v 441 552
v 406 552
v 372 568
v 320 573
v 288 555
v 244 555
v 215 572
v 167 583
v 150 503
v 132 445
v 130 400
v 146 353
v 144 296
v 128 247
v 126 226
v 134 211
v 170 280
v 180 333
v 185 378
v 169 424
v 176 466
v 180 516
v 613 497
v 606 473
v 603 398
v 617 354
v 618 286
v 597 233
v 626 231
v 650 282
v 652 375
v 656 456
v 644 510
v 229 121
v 254 113
v 293 95
v 319 88
v 422 85
v 454 89
v 490 111
v 527 159
v 526 178
v 493 167
v 474 155
v 420 126
v 392 124
v 341 142
v 323 149
v 271 168
v 249 156
v 370 452
v 369 414
v 368 396
v 362 378
v 351 358
v 342 346
v 365 345
v 376 346
v 391 346
v 396 336
v 407 346
v 410 357
v 406 362
v 402 367
v 393 387
v 392 402
v 392 424
l 0 1 2 3 4 5 6 7 8 9 10 11 12 13 14 15 16 17 18 19 20 21 22 23 24 25 26 27 28 29 30 31 32
l 46 45 44 43 42 41 40 39 38 37 36 35 34 33
l 57 56 55 54 53 52 51 50 49 48 47
l 74 73 72 71 70 69 68 67 66 65 64 63 62 61 60 59 58
l 91 90 89 88 87 86 85 84 83 82 81 80 79 78 77 76 75
